id1,id2,matching_probability
0,351,1.0
10,745,1.0
100,1425,1.0
1004,2400,1.0
1012,346,0.9
1013,585,1.0
1014,1821,1.0
1017,2718,1.0
1018,1506,0.9
1023,1524,1.0
1025,1041,1.0
1029,430,1.0
103,2188,1.0
1034,1698,0.9
1036,2869,1.0
1037,98,1.0
1043,365,1.0
105,1430,0.8
1055,2613,1.0
1056,2266,1.0
106,1495,0.9
1060,1930,1.0
1061,2898,1.0
1062,1168,1.0
1065,1311,1.0
1066,519,1.0
1069,2927,1.0
107,634,1.0
1071,2654,0.9
1076,1802,1.0
108,709,1.0
1082,3020,1.0
1088,2536,1.0
1090,2333,0.9
1092,1093,0.9
1093,185,1.0
1094,1997,1.0
1095,617,1.0
1097,188,1.0
1099,1837,1.0
1100,186,1.0
1101,975,0.9
1102,2930,1.0
1103,2415,0.9
1106,298,1.0
1108,2618,1.0
1109,590,1.0
111,135,1.0
1113,1371,0.7
1114,1912,0.9
1116,354,1.0
1118,1361,0.9
112,1200,0.8
1122,103,1.0
1124,1101,0.975
1125,888,1.0
1129,2262,1.0
113,2207,0.95
1130,1089,1.0
1131,2789,0.9
1134,2341,1.0
1136,1146,1.0
1137,527,1.0
1140,569,1.0
1141,2399,1.0
1143,535,1.0
1144,1332,1.0
1146,1439,1.0
1149,685,1.0
1150,2181,0.7
1154,1617,0.9
1155,826,1.0
1158,149,1.0
116,575,1.0
1161,694,1.0
1162,1920,1.0
1164,571,1.0
1166,2324,1.0
117,1102,1.0
1170,2088,1.0
118,1264,0.9
1180,2364,1.0
1181,1980,1.0
1186,40,0.9
1188,850,1.0
1189,2808,1.0
1194,414,0.9
1195,2432,1.0
1196,646,1.0
1197,2498,1.0
1199,960,1.0
1204,1872,0.9
1206,467,1.0
1210,698,1.0
1213,856,1.0
1215,1631,1.0
1217,255,1.0
1218,1144,1.0
1219,2231,0.9
1224,141,1.0
1225,839,1.0
1227,86,1.0
1229,472,1.0
1235,23,0.8
1237,699,1.0
1241,1984,1.0
1243,2230,0.8
1245,509,1.0
1246,702,1.0
1250,1990,1.0
1252,1364,1.0
1255,2002,1.0
1256,2468,1.0
1257,343,1.0
126,970,0.9
1260,2343,1.0
1261,358,1.0
1264,1895,1.0
1265,124,1.0
1266,1216,0.8
1267,2708,0.9
1269,1805,1.0
127,445,1.0
1270,1738,1.0
1272,2569,1.0
1273,391,1.0
1275,1435,1.0
1277,2799,1.0
1278,57,1.0
1283,1054,1.0
1287,73,1.0
1289,2037,1.0
1293,437,0.7
1295,568,1.0
13,486,0.9
1304,2147,1.0
1308,2511,1.0
1311,433,0.9
1319,2410,1.0
1321,1950,1.0
1328,2967,1.0
1330,967,1.0
1331,2803,1.0
1332,359,1.0
1335,2876,1.0
1337,991,1.0
1339,2252,1.0
1341,145,1.0
1344,1885,0.9
1345,82,1.0
1349,1980,0.558333333333
1351,817,1.0
1352,1356,1.0
1353,434,1.0
1358,1718,1.0
1359,449,1.0
136,1087,1.0
1361,1391,1.0
1363,724,1.0
1365,2697,1.0
1368,1497,1.0
1369,1104,1.0
1370,1382,1.0
1372,736,1.0
1374,2601,1.0
1376,2856,0.7
1379,339,1.0
1380,847,1.0
1381,924,1.0
1382,111,1.0
1383,1701,1.0
1387,734,0.9
1390,2360,1.0
1393,492,1.0
1394,1576,0.9
1395,1832,1.0
1396,473,1.0
1397,2764,1.0
1399,898,1.0
1400,394,1.0
1406,2795,0.9
1408,289,1.0
1411,784,1.0
1412,2510,0.9
1418,573,0.9
1419,2482,1.0
1423,2042,0.95
1425,286,1.0
1426,708,1.0
1427,717,1.0
1428,2250,1.0
1432,1471,1.0
1434,894,1.0
1435,83,1.0
1436,928,1.0
1438,1913,0.8
1439,809,0.9
144,521,1.0
1440,922,1.0
1443,2833,1.0
1445,1440,1.0
1446,2560,1.0
1450,393,1.0
1455,71,1.0
1462,1562,0.9
1463,1154,0.9
1464,2180,0.9
1466,1940,1.0
1469,383,1.0
1471,767,1.0
1477,601,0.8
148,1309,1.0
1480,405,1.0
1481,115,1.0
1483,537,1.0
1485,1784,1.0
1494,362,1.0
15,336,1.0
1502,1858,0.8
1505,2314,0.9
1508,1063,1.0
1509,2398,1.0
1512,525,1.0
1517,1941,0.9
1519,567,1.0
1524,222,0.9
1533,2896,1.0
1538,265,1.0
154,2831,1.0
1540,1892,1.0
1543,454,1.0
1545,1462,1.0
1547,1952,1.0
1551,399,1.0
1555,2046,0.9
1556,2547,1.0
1558,14,0.9
1559,91,1.0
1563,823,1.0
1564,2505,1.0
1567,1614,1.0
1570,1992,1.0
1573,2213,1.0
1585,498,1.0
1587,761,1.0
1588,2004,1.0
159,909,0.9
1596,2172,1.0
1599,1271,0.8
16,0,1.0
16,3,1.0
1600,1215,1.0
1602,2405,1.0
1608,851,1.0
1609,2829,0.8
161,570,1.0
1611,692,0.9
1618,716,0.9
1619,205,1.0
162,1130,1.0
1621,512,1.0
1622,2043,0.9
1624,2386,0.9
1625,36,1.0
1630,1640,1.0
1633,1167,1.0
1636,1,0.8
1639,2892,1.0
1640,1972,0.8
1641,1240,1.0
1643,1111,1.0
1644,127,0.9
1649,1957,0.9
1651,1461,1.0
1652,2917,1.0
1656,2886,1.0
1657,85,1.0
1658,2900,1.0
1659,335,1.0
1660,332,0.9
1662,897,1.0
1663,1951,1.0
1664,867,1.0
1666,1417,1.0
167,398,1.0
1671,658,1.0
1673,1765,0.9
1674,1947,1.0
1675,581,0.971428571429
1676,390,0.9
1677,2194,0.8
168,1343,1.0
1681,50,1.0
1683,785,1.0
1687,1979,1.0
1688,1574,1.0
169,2855,0.9
1690,1670,0.8
1696,243,0.9
1699,803,1.0
17,1559,1.0
1700,293,1.0
1701,1771,1.0
1703,494,1.0
1708,63,1.0
1709,1080,1.0
171,1209,1.0
1710,2535,1.0
1714,355,1.0
172,969,1.0
1720,2763,1.0
1724,1896,0.9
1728,2009,0.9
1731,2130,0.9
1736,523,1.0
1739,334,1.0
174,2889,1.0
1741,15,1.0
1743,55,1.0
1747,937,1.0
175,2797,1.0
1754,563,1.0
1755,762,1.0
1757,1696,1.0
1758,131,1.0
1759,2883,0.9
176,790,0.9
1760,471,1.0
1763,1862,0.9
1764,79,1.0
1765,1135,0.9
1767,156,1.0
1769,310,1.0
177,1728,0.9
1771,810,1.0
1775,2243,0.9
1776,2306,0.9
1778,1048,0.9
1783,562,1.0
1785,322,1.0
1787,232,1.0
1789,603,1.0
1790,2081,1.0
1792,821,1.0
1796,260,1.0
1798,2597,1.0
18,650,1.0
180,2287,1.0
1801,721,1.0
1803,26,0.8
1808,2427,0.9
1810,1310,1.0
1816,959,1.0
1818,2774,1.0
1820,776,1.0
1821,2504,0.675
1823,1188,0.65
1828,526,1.0
1829,2625,1.0
183,2348,1.0
1832,2307,1.0
1835,1504,1.0
1840,870,1.0
1841,2148,1.0
1844,865,1.0
185,591,0.9
1853,201,1.0
186,1608,0.9
1860,597,1.0
1863,886,0.9
1869,618,1.0
187,271,1.0
1873,1735,1.0
1876,408,0.9
1878,1776,1.0
1879,105,1.0
1883,214,1.0
1886,221,1.0
1889,1778,1.0
189,1303,1.0
1890,2604,1.0
1892,2599,0.9
1894,957,0.9
1903,352,0.9
1908,2521,1.0
1912,1619,1.0
1914,35,1.0
1915,669,0.619761904762
1918,1761,1.0
1927,2182,0.9
1928,880,1.0
1930,1398,0.975
1940,506,1.0
1942,1729,1.0
1943,1353,1.0
1945,1455,0.9
1946,830,1.0
195,94,0.8
1950,68,1.0
1951,110,1.0
1955,2673,1.0
1959,1536,1.0
1964,2508,0.9
1965,167,1.0
1967,1817,0.8
1968,2798,1.0
1971,244,1.0
1973,116,0.9
1975,1842,0.8
1978,455,1.0
198,1121,1.0
1980,1152,0.9
1983,566,1.0
1988,812,1.0
1994,2739,1.0
1995,2891,1.0
1996,2228,1.0
20,2067,1.0
2005,136,1.0
2007,497,1.0
201,2133,0.9
2012,2528,0.9
2017,2071,0.9
2019,864,1.0
2020,896,0.9
2022,30,1.0
2023,746,1.0
2025,1053,0.7
2026,981,0.9
2031,2525,0.9
2033,292,0.9
2034,2303,1.0
2036,1863,1.0
2037,1161,1.0
2038,2297,0.9
204,1742,1.0
2041,986,1.0
2042,3036,1.0
2043,2596,1.0
2046,81,0.9
2047,269,1.0
2048,1016,1.0
205,1926,0.9
2051,1020,1.0
2054,1348,0.9
2055,551,1.0
2058,2692,1.0
206,1902,0.8
2064,1181,1.0
2067,1246,1.0
2069,2269,1.0
2072,129,1.0
2073,955,1.0
2075,493,1.0
2077,345,0.9
208,1083,0.9
2084,146,1.0
2086,2539,1.0
2089,361,1.0
2094,1386,1.0
2098,2676,1.0
2099,1852,0.9
2101,325,1.0
2103,2048,1.0
2104,1437,1.0
2110,1851,1.0
2113,2806,1.0
2119,1387,1.0
212,2859,1.0
2121,2617,1.0
2122,264,1.0
2123,2149,0.9
2125,426,1.0
213,217,1.0
2130,2140,0.9
2131,1870,1.0
2133,274,0.9
2136,210,1.0
214,234,1.0
2141,174,1.0
2143,1022,1.0
2147,1654,0.9
2149,2051,1.0
215,1541,0.8
2150,546,1.0
2151,446,0.9
2154,2459,1.0
2157,291,0.9
2158,987,1.0
2159,2197,1.0
216,596,1.0
2165,342,1.0
2166,1432,1.0
2167,774,1.0
2170,540,0.9
2173,2693,1.0
2174,778,1.0
2175,925,1.0
2176,653,1.0
2178,678,1.0
218,1585,0.9
2181,1363,1.0
2182,75,1.0
2183,798,1.0
2184,2647,0.9
2185,261,0.9
219,595,1.0
2192,476,1.0
2195,786,1.0
2196,2211,1.0
220,279,1.0
2200,395,1.0
2201,2125,1.0
2204,564,1.0
2207,2925,1.0
2208,1472,1.0
2209,2428,1.0
2212,688,0.9
2213,84,1.0
2215,916,1.0
2216,2853,1.0
2219,1037,1.0
2226,2872,1.0
2229,2645,0.8
223,968,1.0
2231,505,1.0
2232,892,1.0
2233,465,1.0
2237,1710,0.8
224,215,1.0
2240,2393,0.9
2243,971,0.9
2246,499,0.9
2248,738,1.0
2249,2290,0.9
2250,2022,1.0
2252,878,1.0
2256,725,1.0
2259,706,1.0
2260,2285,0.9
2263,99,1.0
2265,328,0.9
2269,2116,1.0
2273,2426,1.0
2278,1498,0.8
2279,843,1.0
2281,580,0.9
2284,28,1.0
2288,1006,1.0
2289,453,1.0
2290,574,1.0
2291,707,1.0
2296,797,0.9
2299,1656,1.0
23,458,0.9
230,241,1.0
2300,2961,1.0
2301,2594,1.0
2303,1281,1.0
2304,2770,1.0
2309,2171,1.0
231,287,1.0
2311,2001,0.9
2313,1206,1.0
2314,621,1.0
2320,2694,1.0
2322,2801,1.0
2324,638,1.0
2325,600,1.0
2326,976,0.9
2327,2805,1.0
2329,353,1.0
2332,477,1.0
2333,87,1.0
2334,1344,0.6
2335,544,0.6
2337,1394,0.9
2339,2684,0.8
2343,1692,0.9
2344,1044,1.0
2347,2220,0.9
2351,320,1.0
2353,679,1.0
2354,693,1.0
2357,1251,0.9
2361,1295,1.0
2362,2657,0.9
2367,211,1.0
2369,2884,1.0
237,147,1.0
2370,2115,0.9
2371,1352,1.0
2372,223,0.9
2373,2719,0.9
2376,554,1.0
2379,1210,0.675
238,304,1.0
2381,2429,1.0
2382,479,0.9
2383,1388,1.0
2385,2011,0.9
2386,2590,1.0
2393,120,1.0
2394,938,0.9
240,2811,0.9
2402,22,1.0
2404,1106,1.0
2407,1567,1.0
2408,2767,0.9
2417,431,1.0
2420,877,0.9
2421,2690,1.0
2425,1625,0.75
2427,2267,1.0
2428,1411,0.9
2431,1424,0.9
2435,2473,1.0
2441,1289,0.8
2443,242,1.0
2449,1069,1.0
2451,25,1.0
2452,1345,1.0
2459,1500,1.0
246,1875,1.0
2462,1051,0.8
2466,2523,1.0
2467,45,1.0
2468,1173,1.0
247,1274,1.0
2474,2912,1.0
2475,1666,1.0
2477,2276,1.0
2479,748,1.0
248,451,1.0
2485,1854,0.9
2488,2668,1.0
2491,610,1.0
2492,2721,1.0
2494,151,1.0
2498,1110,1.0
2499,998,1.0
2502,2702,1.0
2506,2107,1.0
2509,2781,0.8
2511,1572,1.0
252,628,1.0
2521,480,0.9
2523,511,1.0
2524,2169,1.0
2525,2487,1.0
2526,852,1.0
2527,2253,1.0
2529,2792,1.0
2532,1426,1.0
2533,20,1.0
2534,1938,1.0
254,421,0.9
2540,1855,0.9
2541,2881,1.0
2543,2602,1.0
2546,1890,0.7
2547,1360,1.0
2548,1901,1.0
255,674,1.0
2550,1256,1.0
2551,1162,0.9
2553,356,1.0
2556,1645,1.0
2558,2023,0.8
2560,368,1.0
2565,2209,0.9
2570,1275,0.9
2571,133,1.0
2572,985,1.0
2573,8,1.0
2578,654,0.9
2583,132,1.0
2584,1700,0.9
259,883,0.9
2592,1015,1.0
2593,763,1.0
2598,2531,1.0
2601,2237,0.9
2602,607,1.0
2604,392,1.0
2605,735,0.9
2609,1141,1.0
2610,1005,1.0
2614,765,1.0
2623,1611,1.0
2626,872,1.0
2629,1059,1.0
2630,128,1.0
2636,881,1.0
2639,791,1.0
2642,2235,1.0
2643,1408,0.9
2645,2469,0.8
2647,1868,1.0
2648,37,1.0
2649,1774,0.66
265,89,1.0
2655,875,0.9
2657,2548,0.925
2662,1480,0.9
2663,1505,1.0
2667,1009,1.0
2669,1170,1.0
2670,2665,1.0
2675,2296,0.9
2677,1822,1.0
2680,1095,0.9
2681,764,1.0
2684,2350,1.0
2690,633,1.0
2692,625,0.871428571429
2696,2395,1.0
2703,642,1.0
2704,900,1.0
2705,1306,1.0
2706,183,1.0
2708,266,1.0
2711,501,1.0
2712,1605,1.0
2716,664,0.9
2717,620,0.9
272,2356,1.0
2720,686,1.0
2722,989,1.0
2729,605,1.0
2730,727,1.0
2731,4,0.9
2740,835,1.0
2741,152,1.0
2746,16,1.0
2747,2229,1.0
2749,134,1.0
275,680,0.9
2751,720,1.0
2754,626,1.0
2756,224,1.0
2760,641,1.0
2762,2177,1.0
2763,44,0.9
2765,333,1.0
2766,1650,1.0
2767,1981,1.0
2769,123,1.0
2772,1499,1.0
2773,240,1.0
2774,2965,1.0
2776,615,1.0
2779,1745,0.82
2780,1946,1.0
2781,2481,1.0
2783,2076,0.8
279,606,0.9
2790,1191,0.7
2792,661,1.0
2794,737,0.9
2796,2026,1.0
2797,340,1.0
2798,1351,1.0
2799,666,1.0
2801,2629,1.0
2803,2438,1.0
2807,648,0.8
2812,2263,1.0
2813,787,1.0
2823,667,1.0
2824,1024,1.0
2827,468,1.0
2828,663,1.0
2830,846,0.9
2837,558,0.9
2839,1272,1.0
2840,2641,1.0
2842,2605,1.0
2843,939,1.0
2844,2680,1.0
2845,1204,1.0
2846,281,1.0
2848,2416,1.0
285,1212,1.0
2850,1090,1.0
2851,2244,1.0
2853,777,1.0
2854,1894,1.0
2856,2153,1.0
2859,58,0.9
2860,2092,1.0
2867,2696,1.0
287,1033,1.0
2871,1518,1.0
2873,2582,1.0
2879,1137,0.9
288,1389,0.9
2880,1400,1.0
2885,258,1.0
2889,2274,1.0
289,913,1.0
2891,1474,1.0
2894,138,1.0
2900,153,0.9
2902,1062,1.0
2904,1961,1.0
2906,367,1.0
2909,1835,1.0
2910,1768,0.9
2911,275,1.0
2913,226,0.9
2914,1764,0.7
2916,1612,0.9
2918,400,1.0
2919,2257,1.0
2920,1933,1.0
2924,429,0.6
2925,2507,1.0
2926,484,1.0
2928,930,1.0
2929,207,1.0
2934,88,1.0
2939,397,1.0
2942,2390,1.0
2943,1836,1.0
2945,2885,1.0
2946,474,1.0
2950,2294,0.9
2952,2408,1.0
2953,2947,1.0
2954,250,1.0
2955,1798,0.9
2956,119,1.0
2957,173,1.0
2958,1149,0.8
296,1151,1.0
2962,2689,0.9
2963,407,0.9
2964,121,1.0
2965,389,0.871428571429
2966,598,1.0
2969,1671,0.9
297,163,1.0
2971,941,1.0
2974,800,0.9
2976,908,0.7
2978,895,0.9
2983,538,1.0
2984,2117,0.9
2988,1464,0.9
2990,2910,1.0
2998,307,0.9
2999,302,1.0
3002,2403,1.0
3004,2099,1.0
3006,424,1.0
3009,2678,1.0
3011,1442,0.6
3015,1207,1.0
3016,2691,1.0
3019,1368,1.0
3020,841,1.0
3022,1079,0.9
3026,2291,0.9
3028,1996,0.8
3031,2909,0.9
3041,2344,0.9
3043,296,1.0
3045,2768,1.0
3048,728,1.0
305,3014,1.0
3051,1126,1.0
3052,853,1.0
3053,952,1.0
3054,1845,1.0
3058,1293,1.0
306,887,1.0
3061,2385,0.975
3064,2709,0.9
3066,589,1.0
3068,2804,1.0
3069,1282,0.9
3070,313,1.0
3072,1235,1.0
3075,530,1.0
3076,2041,0.8
308,2127,0.9
3081,1945,1.0
3084,1820,1.0
3092,859,1.0
31,1801,1.0
310,1055,1.0
3103,278,0.9
3104,531,0.9
3108,2003,1.0
3111,866,1.0
3113,577,1.0
3117,2110,0.9
3119,2494,1.0
312,899,1.0
3122,1584,0.9
3129,2353,1.0
3138,2097,1.0
3142,2512,0.9
3143,2830,1.0
3144,422,1.0
3148,1029,1.0
3149,732,0.971428571429
315,689,1.0
3150,1179,1.0
3154,1270,1.0
3157,1262,0.7
3158,711,0.9
3170,419,1.0
3174,1339,0.9
3175,2440,0.9
318,652,1.0
3182,1568,1.0
3186,315,1.0
3188,2824,0.9
3189,1122,1.0
319,819,1.0
3191,1490,1.0
3194,2712,1.0
3199,818,1.0
320,2796,1.0
3200,552,1.0
3202,2136,1.0
3204,1475,1.0
3207,2793,0.9
3208,373,0.8
321,1834,0.9
3210,611,1.0
3211,18,1.0
3213,1163,1.0
3214,3015,1.0
3218,884,1.0
3226,1084,0.9
3229,1484,0.8
323,416,1.0
3231,1787,1.0
3232,277,0.9
3234,868,1.0
3235,1880,0.9
3239,718,1.0
3243,999,1.0
3244,475,1.0
3246,2404,1.0
3249,184,1.0
3250,187,1.0
3252,233,1.0
3256,2794,1.0
3257,1643,0.9
3259,2901,1.0
326,906,1.0
3263,1919,1.0
3264,796,0.9
3265,2431,1.0
3267,1002,1.0
3268,251,1.0
3269,2731,1.0
3271,303,1.0
3273,76,0.9
3274,741,0.9
3277,420,1.0
3278,1128,1.0
3279,2208,0.9
3280,802,1.0
3281,691,1.0
3283,2964,1.0
3285,1003,1.0
3286,730,0.971428571429
3288,2655,1.0
3290,833,1.0
3295,2711,1.0
3296,2223,1.0
3299,500,1.0
33,1573,1.0
330,1075,0.8
3306,2352,1.0
3312,945,1.0
3316,827,1.0
3318,2106,1.0
3320,216,1.0
3321,1127,1.0
3324,949,1.0
3325,974,0.9
3327,713,1.0
3328,2880,1.0
3331,2143,1.0
3332,370,1.0
3337,988,0.9
334,2877,1.0
3343,2295,1.0
3345,1676,0.9
3347,2126,0.7
3349,2546,1.0
3350,514,0.671428571429
3351,2033,0.9
3353,2934,1.0
3355,440,1.0
3357,369,0.9
3359,2878,1.0
3361,1280,1.0
3366,677,1.0
3367,788,1.0
3372,904,1.0
3374,2104,1.0
3375,2595,0.8
3381,840,0.9
3383,2744,1.0
3385,1465,0.9
3386,194,0.8
3387,348,1.0
3388,19,1.0
339,1669,0.9
3390,1032,1.0
3395,337,1.0
3396,2028,1.0
3400,112,1.0
3403,594,1.0
3404,1786,1.0
3406,2750,1.0
3409,1004,1.0
3411,1879,1.0
3413,820,1.0
3415,1155,1.0
3419,1034,1.0
342,944,0.9
3423,612,1.0
3424,2554,1.0
3425,109,0.9
3427,1094,0.7
3430,1082,1.0
3431,2628,1.0
3437,204,1.0
3439,2707,1.0
344,1642,1.0
3441,832,1.0
3444,2603,0.9
3445,227,1.0
3446,668,1.0
345,2800,1.0
3454,705,1.0
3457,331,1.0
3458,38,1.0
3460,2497,0.7
3463,780,1.0
3472,379,1.0
3474,2195,1.0
351,684,1.0
353,1342,1.0
357,876,0.9
359,816,1.0
36,2214,1.0
361,425,1.0
368,321,0.9
370,2160,1.0
375,1688,1.0
378,578,0.9
381,2264,1.0
385,1687,1.0
388,504,1.0
390,1420,0.9
395,2435,1.0
397,2700,1.0
4,305,1.0
400,534,1.0
401,2478,1.0
404,97,1.0
407,157,1.0
412,418,1.0
413,2123,1.0
416,2815,0.9
418,2222,0.9
421,1958,1.0
424,2036,0.9
425,1385,1.0
426,46,1.0
428,48,0.8
431,923,1.0
432,2111,1.0
433,1686,1.0
434,1648,1.0
436,687,1.0
438,2493,0.9
442,1900,0.9
444,2503,0.9
449,236,1.0
450,2330,0.9
454,902,1.0
455,2053,1.0
457,427,1.0
458,2446,1.0
460,2894,1.0
466,203,1.0
468,2317,1.0
475,1853,1.0
480,565,1.0
481,703,1.0
483,1156,1.0
488,150,0.9
489,2060,1.0
49,2612,1.0
494,2567,0.8
496,1096,1.0
497,1724,1.0
50,1279,1.0
501,2090,1.0
503,2049,1.0
505,254,1.0
506,1709,1.0
507,1839,1.0
509,106,1.0
510,2888,1.0
512,2509,0.9
517,2363,1.0
519,1164,1.0
521,1211,1.0
528,1297,0.9
530,219,0.9
532,1066,1.0
536,1116,0.9
539,2085,1.0
553,2931,1.0
554,2261,0.9
555,993,0.9
559,1460,0.9
561,602,0.9
562,2729,1.0
563,1527,1.0
568,2492,1.0
57,1534,1.0
570,2703,1.0
576,2773,1.0
58,557,1.0
580,372,1.0
588,2396,0.9
589,1775,1.0
590,248,1.0
592,1453,1.0
595,1244,1.0
596,2879,1.0
597,2368,1.0
6,513,0.971428571429
604,752,1.0
605,2720,0.9
611,1300,1.0
612,1660,1.0
613,2688,1.0
618,723,0.9
619,300,1.0
625,1086,0.9
626,2270,0.9
627,444,0.9
628,632,1.0
63,2759,0.8
633,2848,0.9
635,1237,1.0
638,2105,1.0
643,1319,1.0
647,1602,0.8
653,2870,1.0
657,662,1.0
658,469,0.9
661,2189,0.9
666,235,1.0
668,956,0.9
669,165,0.8
673,649,1.0
678,107,1.0
682,978,1.0
684,1600,0.85
688,326,1.0
690,550,1.0
694,2518,1.0
695,1580,1.0
700,697,0.9
702,758,1.0
706,2397,1.0
707,1680,0.9
710,576,0.9
711,1468,1.0
714,1569,1.0
715,637,1.0
719,182,1.0
723,180,0.9
725,2732,1.0
726,69,1.0
730,547,1.0
732,950,1.0
735,1924,0.8
736,533,1.0
737,2650,0.9
738,1713,1.0
741,783,1.0
746,489,1.0
748,2844,1.0
754,3057,1.0
763,996,0.971428571429
764,1691,1.0
768,463,1.0
769,404,1.0
77,1791,1.0
775,1538,1.0
777,401,0.746666666667
786,488,0.9
79,1542,1.0
791,2499,0.8
798,483,1.0
799,2292,0.9
800,1078,0.9
804,2858,1.0
805,253,1.0
809,170,1.0
817,1966,0.9
82,2791,1.0
821,2298,1.0
825,388,0.9
83,1074,1.0
830,1560,1.0
831,67,1.0
834,854,1.0
835,92,1.0
836,178,0.9
837,1937,1.0
838,2809,0.9
84,237,1.0
841,754,0.8
842,1544,1.0
844,584,1.0
845,885,1.0
85,750,1.0
853,126,1.0
854,462,1.0
857,815,0.9
860,2564,1.0
861,1000,1.0
862,914,1.0
866,1634,1.0
867,377,0.7
869,77,1.0
871,1142,1.0
872,676,1.0
873,2717,1.0
874,624,1.0
880,384,1.0
885,324,1.0
886,2593,1.0
887,2077,1.0
894,308,1.0
896,2862,1.0
897,349,1.0
899,2639,1.0
90,656,0.8
900,101,1.0
901,1088,1.0
903,1026,1.0
905,1532,1.0
907,543,1.0
912,2000,0.9
913,2411,1.0
92,1714,0.9
925,413,1.0
926,2394,1.0
928,588,1.0
929,932,0.8
933,1132,1.0
945,749,0.9
958,381,1.0
959,1381,1.0
960,1993,0.9
963,1825,1.0
969,423,0.8
970,1333,1.0
974,357,0.9
975,517,1.0
976,439,1.0
983,918,1.0
985,2069,1.0
986,181,1.0
989,496,0.9
99,200,1.0
990,779,1.0
991,1393,1.0
992,965,1.0
995,31,1.0
996,2733,1.0
998,34,1.0
